Time	X position	Y position	
0.0	0.0	0.1	
0.01	0.105526754375	0.175376253125	
0.02	0.21068820782755468	0.2495077849888253	
0.03	0.31548847876464503	0.3224008880140961	
0.04	0.419931618204499	0.39406174275086364	
0.05	0.5240216108233999	0.4644964200414898	
0.060000000000000005	0.6277623759725309	0.5337108831416447	
0.07	0.7311577686656868	0.6017109897989549	
0.08	0.8342115805386657	0.6685024942907893	
0.09	0.9369275407811274	0.7340910494226303	
0.09999999999999999	1.0393093170416863	0.7984822084884282	
0.10999999999999999	1.1413605163069904	0.8616814271943081	
0.11999999999999998	1.2430846857555151	0.9236940655469481	
0.12999999999999998	1.3444853135867885	0.9845253897079189	
0.13999999999999999	1.4455658298267444	1.044180573815232	
0.15	1.5463296071098875	1.1026647017733129	
0.16	1.6467799614389402	1.1599827690125761	
0.17	1.7469201529226264	1.216139684219754	
0.18000000000000002	1.8467533864922367	1.2711402710400852	
0.19000000000000003	1.9462828125976084	1.3249892697524517	
0.20000000000000004	2.0455115278831406	1.3776913389185088	
0.21000000000000005	2.144442575844458	1.429251057006832	
0.22000000000000006	2.2430789474663255	1.4796729239930668	
0.23000000000000007	2.341423581842411	1.5289613629370458	
0.24000000000000007	2.4394793667774795	1.5771207215377994	
0.25000000000000006	2.5372491393726015	1.6241552736673646	
0.26000000000000006	2.634735686593953	1.6700692208842665	
0.2700000000000001	2.7319417458257655	1.7148666939275166	
0.2800000000000001	2.8288700054080027	1.7585517541919462	
0.2900000000000001	2.925523105159307	1.8011283951856658	
0.3000000000000001	3.021903636885785	1.8426005439704114	
0.3100000000000001	3.118014144876168	1.8829720625855149	
0.3200000000000001	3.2138571263839086	1.9222467494562037	
0.3300000000000001	3.3094350320967454	1.96042834078691	
0.34000000000000014	3.40475026659428	1.9975205119402462	
0.35000000000000014	3.499805188794112	2.0335268788022622	
0.36000000000000015	3.5946021123870575	2.0684509991345923	
0.37000000000000016	3.689143306261991	2.102296373914051	
0.38000000000000017	3.7834309949208427	2.1350664486602295	
0.3900000000000002	3.8774673588842807	2.1667646147515924	
0.4000000000000002	3.971254535088603	2.197394210730571	
0.4100000000000002	4.0647946172743685	2.2269585235981015	
0.4200000000000002	4.158089656367292	2.255460790098041	
0.4300000000000002	4.25114166085192	2.282904197991849	
0.4400000000000002	4.3439525971386095	2.3092918873239165	
0.45000000000000023	4.436524389924324	2.3346269516778677	
0.46000000000000024	4.528858922547763	2.358912439424156	
0.47000000000000025	4.62095803733933	2.3821513549592237	
0.48000000000000026	4.712823535966444	2.40434665993648	
0.49000000000000027	4.8044571797747055	2.4255012744893163	
0.5000000000000002	4.895860690125397	2.4456180784463464	
0.5100000000000002	4.987035748729821	2.4646999125390314	
0.5200000000000002	5.077983997980955	2.4827495796018155	
0.5300000000000002	5.168707041282902	2.4997698457648805	
0.5400000000000003	5.2592064433785985	2.5157634416395704	
0.5500000000000003	5.349483730676258	2.5307330634965446	
0.5600000000000003	5.4395403915749885	2.5446813744366557	
0.5700000000000003	5.5293778767900275	2.5576110055545382	
0.5800000000000003	5.618997599678026	2.5695245570948555	
0.5900000000000003	5.708400936562812	2.580424599601138	
0.6000000000000003	5.797589227062024	2.590313675057093	
0.6100000000000003	5.8865637744150145	2.5991942980202722	
0.6200000000000003	5.975325845812414	2.607068956747927	
0.6300000000000003	6.0638766727276945	2.6139401143148744	
0.6400000000000003	6.152217451251107	2.6198102097231692	
0.6500000000000004	6.240349342426307	2.624681659003348	
0.6600000000000004	6.328273472589985	2.628556856306991	
0.6700000000000004	6.415990933714803	2.6314381749903384	
0.6800000000000004	6.503502783755903	2.6333279686886573	
0.6900000000000004	6.5908100470012485	2.6342285723810557	
0.7000000000000004	6.677913714426032	2.6341423034454112	
0.7100000000000004	6.7648147440513675	2.6330714627030702	
0.7200000000000004	6.85151406130745	2.631018335452969	
0.7300000000000004	6.938012559401358	2.6279851924947932	
0.7400000000000004	7.02431109968965	2.6239742911408106	
0.7500000000000004	7.110410512055875	2.618987876215977	
0.7600000000000005	7.196311595293091	2.613028181045925	
0.7700000000000005	7.28201511749149	2.606097428432435	
0.7800000000000005	7.367521816431165	2.598197831615982	
0.7900000000000005	7.452832399980064	2.5893315952249525	
0.8000000000000005	7.537947546497129	2.5795009162111233	
0.8100000000000005	7.622867905240625	2.5687079847710055	
0.8200000000000005	7.707594096781601	2.55695498525264	
0.8300000000000005	7.792126713422443	2.5442440970474656	
0.8400000000000005	7.876466319620431	2.5305774954668525	
0.8500000000000005	7.960613452416211	2.5159573526029373	
0.8600000000000005	8.044568621867041	2.50038583817338	
0.8700000000000006	8.128332311484698	2.483865120349689	
0.8800000000000006	8.21190497867787	2.466397366568764	
0.8900000000000006	8.295287055198871	2.4479847443273344	
0.9000000000000006	8.378478947594473	2.4286294219589664	
0.9100000000000006	8.461481037660665	2.4083335693933505	
0.9200000000000006	8.544293682901086	2.387099358897578	
0.9300000000000006	8.626917216988959	2.3649289657991535	
0.9400000000000006	8.70935195023219	2.3418245691904938	
0.9500000000000006	8.791598170041455	2.3177883526146927	
0.9600000000000006	8.873656141400962	2.2928225047323503	
0.9700000000000006	8.955526107341605	2.2669292199692834	
0.9800000000000006	9.037208289416265	2.2401106991449633	
0.9900000000000007	9.118702888176923	2.212369150081536	
1.0000000000000007	9.200010083653305	2.18370678819332	
1.0100000000000007	9.281130035832769	2.1541258370566823	
1.0200000000000007	9.362062885141105	2.123628528960227	
1.0300000000000007	9.442808752923959	2.092217105435242	
1.0400000000000007	9.523367741928576	2.059893817766394	
1.0500000000000007	9.603739936785535	2.026660927482647	
1.0600000000000007	9.683925404490196	1.992520706828443	
1.0700000000000007	9.763924194883534	1.95747543921517	
1.0800000000000007	9.843736341132063	1.9215274196529828	
1.0900000000000007	9.92336186020657	1.884678955163057	
1.1000000000000008	10.002800753359343	1.8469323651703728	
1.1100000000000008	10.082053006599613	1.808289981877152	
1.1200000000000008	10.16111859116695	1.7687541506170785	
1.1300000000000008	10.239997464002304	1.7283272301904606	
1.1400000000000008	10.318689568216444	1.6870115931805043	
1.1500000000000008	10.397194833555538	1.6448096262508847	
1.1600000000000008	10.475513176863611	1.601723730424817	
1.1700000000000008	10.553644502541646	1.557756321345842	
1.1800000000000008	10.631588703003098	1.5129098295205579	
1.1900000000000008	10.709345659125585	1.4671867005435357	
1.2000000000000008	10.786915240698555	1.42058939530468	
1.2100000000000009	10.8642973068667	1.3731203901792892	
1.2200000000000009	10.941491706568954	1.3247821772010993	
1.2300000000000009	11.018498278972876	1.2755772642185894	
1.2400000000000009	11.095316853904214	1.2255081750348435	
1.2500000000000009	11.171947252271544	1.1745774495312684	
1.260000000000001	11.248389286485759	1.1227876437754742	
1.270000000000001	11.324642760874326	1.0701413301136302	
1.280000000000001	11.400707472090131	1.0166410972476156	
1.290000000000001	11.476583209514796	0.9622895502972871	
1.300000000000001	11.552269755656377	0.9070893108481899	
1.310000000000001	11.62776688654129	0.8510430169850441	
1.320000000000001	11.703074372100403	0.7941533233113394	
1.330000000000001	11.778191976549198	0.73642290095537	
1.340000000000001	11.853119458761906	0.677854437563052	
1.350000000000001	11.927856572639563	0.6184506372778557	
1.360000000000001	12.002403067471912	0.5582142207081939	
1.370000000000001	12.076758688293106	0.497147924882604	
1.380000000000001	12.150923176231142	0.4352545031930595	
1.390000000000001	12.224896268851026	0.37253672532675147	
1.400000000000001	12.298677700491575	0.30899737718667114	
1.410000000000001	12.37226720259591	0.24463926080133044	
1.420000000000001	12.445664504035543	0.17946519422395085	
1.430000000000001	12.518869331428093	0.1134780114214497	
1.440000000000001	12.591881409448611	0.046680562153551486	
